24955
33876
15411
47944
53635
58859
65035
33971
40175
61937
42557
44955
19712
63512
26092
25402
11821
65206
42016
7924
7740
34105
59921
14612
41712
42012
57159
10117
31763
13434
34236
25264
1386
30299
26717
64014
355
62520
45673
41350
22628
51319
39971
62623
7382
38591
25472
27424
44445
27554
15897
26666
10663
47360
40742
29571
60491
338
36959
64166
27926
45019
10840
32500
25357
37833
55234
19918
19791
30919
39354
24859
44467
11527
2524
53428
6119
45806
7105
61961
19621
28744
23203
26805
38734
30222
31785
43944
35041
52873
65006
60542
34751
29875
13277
38014
58562
51909
47287
16959
46498
14229
54195
5873
26387
59108
52516
20528
12383
26679
48057
26205
33571
15993
25515
54529
34318
4367
56299
7592
15827
35032
53960
44013
28055
29136
11904
54580
29922
14375
3616
63093
40480
34464
46920
34896
56030
44901
5397
9212
54234
43353
5797
50314
20362
5520
28690
54744
11157
50201
10795
51077
47521
8294
43807
11402
4006
25783
51197
57911
27707
19819
17279
8482
59913
41211
23890
45738
28489
25643
44398
11293
45251
9110
7127
1961
47076
51429
60987
41255
11006
59967
27848
35833
31333
6936
50769
54691
32337
13689
37884
43264
17806
55200
36347
24027
11575
60126
51262
27386
33569
14926
46816
27437
12462
13056
35241
37661
20419
26429
23443
39865
16489
27683
43493
28249
22796
63561
26036
23106
44591
41854
19838
31110
38402
26463
39531
17236
29241
42681
10417
22056
15233
29332
19541
58084
10158
26571
23904
5432
17221
33598
35103
33791
49559
56710
43799
26491
14736
21877
22618
47661
45543
50013
5450
54621
51876
39352
2144
49833
5480
39747
48952
47726
46736
3745
38205
55703
14514
7333
32794
25308
26373
40162
60670
9679
29571
52189
40331
21394
24627
21491
13281
60391
59656
52654
11599
30683
10975
49704
12847
20380
13574
10899
56045
43444
9017
1831
50388
2234
28385
40450
12471
52251
52506
11237
33022
5927
13563
48609
3891
30997
60343
49054
47674
44982
41957
48853
45334
5946
40950
30088
49659
20952
13909
23081
29989
1271
15846
33564
34418
13411
35824
25199
43713
27100
24337
52025
44570
65008
65085
25633
51442
10399
62618
30352
60530
2976
48236
18398
52008
24246
49531
30209
37824
24372
57268
19463
59927
55465
45625
36838
22223
43977
35708
54247
35417
58491
64739
1402
50446
57021
46477
31382
1470
62929
53585
37326
19071
61553
41985
36934
59255
41395
42704
32766
25689
48881
34741
43201
20103
37394
57796
55958
19023
13004
56168
10787
27936
13164
41206
16990
33755
62609
22739
56114
34515
2356
65406
52988
49160
34746
26202
18645
25292
51165
64922
30747
52624
46593
55610
31372
57970
36276
36809
59919
49230
54385
51508
54762
20511
54749
2318
21797
10324
37278
64561
16755
1240
2842
12846
47885
48687
43733
8537
36713
14126
62027
58686
31259
3876
7239
44173
63829
8372
32428
61934
23108
33640
7783
42071
64870
10933
1109
25680
11281
36774
35078
7585
16120
32267
10117
1295
7674
604
743
29152
9164
9548
22945
3932
18648
9428
47832
30077
51151
60342
12052
42490
39006
54979
17801
5529
35190
18046
23389
34358
8400
58084
41378
52620
57614
57704
43776
54448
10095
35335
20960
21941
28037
56040
58674
42312
40758
43367
62271
50805
8583
22293
6502
3215
40951
61530
45918
11119
17406
54332
32539
7817
27127
20624
37310
11365
34631
38617
47241
15283
56446
13183
25729
594
53931
38465
64288
29314
57873
1723
12220
26775
31223
36430
23260
35041
14664
24646
31902
39763
34619
15812
14326
30306
11627
21283
994
48452
27398
25688
39025
46351
18003
35770
11608
12486
57267
50813
2432
54323
45879
29387
40074
35030
3219
22630
32467
9590
14428
58633
16561
47135
65042
46311
34874
12824
46042
1180
9355
3454
22553
12320
8251
58180
57829
18713
35016
24205
49224
10514
18558
60838
58707
14776
43550
31249
56802
47254
41775
7640
15682
11478
62003
40294
62822
32604
15033
38984
15657
65283
14580
12610
5698
8148
45953
64664
53415
62260
10759
33640
35098
58417
13690
41410
20703
54489
55401
35883
44427
11253
30136
52567
30014
992
2166
4046
48744
32681
27243
56769
62951
18940
48856
38190
976
38055
24021
56402
19003
14248
12577
48185
53934
7727
18221
53634
2588
20156
19228
30757
22888
1056
35459
33470
56571
28571
39426
37484
41446
31501
33555
63114
36289
54599
38190
42222
24879
33931
34212
14576
53027
27609
59901
27357
9523
37362
23244
24436
30719
29752
42729
57661
12697
24294
35660
47374
33728
14097
57370
12571
58533
40044
15072
27605
61168
82
44530
50900
52601
45143
47126
32611
40053
48066
13402
19206
46419
41045
23079
30765
52260
21108
47045
27392
48535
15089
49121
13625
20383
22563
41787
32730
23722
46135
1293
46841
38575
44735
51427
11379
29703
14065
3570
54092
57483
34240
5331
64531
61959
24218
39630
40904
23487
33265
24616
58475
29250
10607
28538
35033
49831
59862
4255
20256
6034
46422
32134
41329
3755
27120
46916
63541
27398
1404
43389
46130
12471
25430
61156
32749
25443
8652
30257
1115
22930
48785
20820
2047
55543
7359
39715
31217
16662
60321
30914
38205
37345
61206
19847
10706
1908
3981
43171
14332
49927
42108
52579
51132
49138
24316
59366
11999
23150
1839
39618
38263
28889
19625
3216
20705
42913
54296
37148
53149
22670
33201
30431
3247
65365
33803
2370
28099
37874
36117
149
13493
51091
57862
3214
18670
54928
55016
62232
41074
61940
63910
38426
24732
49475
43777
44402
25840
18888
25653
55607
982
34884
7732
374
1918
9273
40450
34429
6398
1492
10336
13694
38646
61625
55526
4883
40033
2803
36053
1690
2370
57427
46112
6165
45753
48094
4582
64795
37856
23209
23806
64065
23076
2610
6056
58314
63381
16309
57063
11319
55619
60163
54577
14413
57497
1444
54473
34828
35197
47931
25299
63861
36320
39506
16641
28412
32416
24842
16176
20089
60243
36930
3121
39004
56157
7498
11295
8295
11292
34594
36526
47942
22358
44055
6072
58690
47952
61483
37738
34944
39091
18426
17675
35480
2724
18159
30346
48286
34947
24431
3917
41870
24567
38759
23824
27753
46685
20649
29068
48291
17365
45659
1602
4094
13560
19394
62499
64944
40007
49509
25274
15167
5816
36833
49291
4320
53389
1077
61510
25722
54896
37868
25420
39854
35738
24788
54533
37987
